0.0200  0.0  0.0000E+00  0.0000E+00  0.0000E+00  1.2363E-05  1.8678E-04  5.3788E-03  2.3514E-02  4.6850E-02  8.4593E-02
0.0240  0.0  2.2649E-14  1.0133E-06  7.6414E-06  1.7281E-04  1.1786E-03  1.6744E-02  5.0259E-02  8.9073E-02  1.4310E-01
0.0289  0.0  4.6164E-06  1.7036E-05  8.6149E-05  9.1716E-04  4.2639E-03  3.6186E-02  9.2541E-02  1.4866E-01  2.2458E-01
0.0348  0.0  2.5359E-05  7.9107E-05  3.8454E-04  3.0320E-03  1.1144E-02  6.8182E-02  1.5245E-01  2.3267E-01  3.4196E-01
0.0418  0.0  8.1792E-05  2.6620E-04  1.1625E-03  7.5297E-03  2.3456E-02  1.1424E-01  2.3311E-01  3.4626E-01  5.0415E-01
0.0502  0.0  1.8905E-04  6.1773E-04  2.6762E-03  1.5326E-02  4.2421E-02  1.7366E-01  3.4441E-01  5.0431E-01  7.3996E-01
0.0604  0.0  4.0483E-04  1.2761E-03  5.2544E-03  2.7133E-02  6.9094E-02  2.5955E-01  4.9909E-01  7.3845E-01  1.0772E+00
0.0726  0.0  7.0816E-04  2.2760E-03  9.1261E-03  4.3651E-02  1.0538E-01  3.7420E-01  7.2419E-01  1.0661E+00  1.5432E+00
0.0873  0.0  1.1749E-03  3.6688E-03  1.4503E-02  6.6465E-02  1.5617E-01  5.4443E-01  1.0492E+00  1.5397E+00  2.2007E+00
0.1049  0.0  1.8283E-03  5.7415E-03  2.2206E-02  9.9389E-02  2.3107E-01  7.9544E-01  1.5035E+00  2.1856E+00  3.0570E+00
0.1261  0.0  2.7284E-03  8.6048E-03  3.3474E-02  1.4906E-01  3.4356E-01  1.1359E+00  2.1378E+00  3.0392E+00  4.1817E+00
0.1516  0.0  4.2551E-03  1.3211E-02  5.0927E-02  2.2429E-01  5.0922E-01  1.6391E+00  2.9693E+00  4.1796E+00  5.5991E+00
0.1823  0.0  6.3585E-03  2.0131E-02  7.7472E-02  3.3488E-01  7.4481E-01  2.2798E+00  4.0539E+00  5.5611E+00  7.2861E+00
0.2192  0.0  9.6940E-03  3.0075E-02  1.1567E-01  4.9070E-01  1.0667E+00  3.1261E+00  5.3822E+00  7.2598E+00  9.2726E+00
0.2635  0.0  1.4378E-02  4.4942E-02  1.7018E-01  7.0200E-01  1.4877E+00  4.1734E+00  6.9635E+00  9.1855E+00  1.1442E+01
0.3168  0.0  2.0439E-02  6.3912E-02  2.4190E-01  9.7461E-01  2.0178E+00  5.3820E+00  8.7559E+00  1.1267E+01  1.3754E+01
0.3808  0.0  2.8990E-02  8.9684E-02  3.3458E-01  1.3124E+00  2.6543E+00  6.8008E+00  1.0664E+01  1.3507E+01  1.6144E+01
0.4578  0.0  3.8782E-02  1.2099E-01  4.4812E-01  1.7124E+00  3.3835E+00  8.2700E+00  1.2648E+01  1.5670E+01  1.8508E+01
0.5504  0.0  5.1195E-02  1.5760E-01  5.7922E-01  2.1611E+00  4.1752E+00  9.7937E+00  1.4554E+01  1.7834E+01  2.0904E+01
0.6617  0.0  6.4853E-02  2.0014E-01  7.2622E-01  2.6374E+00  4.9807E+00  1.1250E+01  1.6379E+01  1.9896E+01  2.3310E+01
0.7955  0.0  7.8980E-02  2.4302E-01  8.7670E-01  3.1120E+00  5.7623E+00  1.2578E+01  1.8132E+01  2.1990E+01  2.5889E+01
0.9564  0.0  9.3959E-02  2.8769E-01  1.0260E+00  3.5590E+00  6.4746E+00  1.3855E+01  1.9906E+01  2.4317E+01  2.8717E+01
1.1498  0.0  1.0719E-01  3.2874E-01  1.1639E+00  3.9574E+00  7.1027E+00  1.5084E+01  2.1914E+01  2.6856E+01  3.1950E+01
1.3823  0.0  1.1980E-01  3.6518E-01  1.2836E+00  4.2979E+00  7.6673E+00  1.6489E+01  2.4200E+01  2.9915E+01  3.5952E+01
1.6618  0.0  1.3022E-01  3.9706E-01  1.3861E+00  4.5985E+00  8.2337E+00  1.8128E+01  2.6906E+01  3.3549E+01  4.0997E+01
1.9978  0.0  1.3876E-01  4.2279E-01  1.4741E+00  4.9021E+00  8.8861E+00  2.0010E+01  3.0276E+01  3.8191E+01  4.8557E+01
2.4018  0.0  1.4751E-01  4.4879E-01  1.5636E+00  5.2567E+00  9.6670E+00  2.2454E+01  3.4557E+01  4.5009E+01  6.0807E+01
2.8875  0.0  1.5580E-01  4.7668E-01  1.6692E+00  5.6956E+00  1.0616E+01  2.5417E+01  4.0866E+01  5.5779E+01  8.1815E+01
3.4714  0.0  1.6744E-01  5.1068E-01  1.7995E+00  6.2309E+00  1.1779E+01  2.9744E+01  5.1517E+01  7.5590E+01  8.7337E+01
4.1733  0.0  1.8149E-01  5.5608E-01  1.9648E+00  6.8872E+00  1.3246E+01  3.6876E+01  6.9738E+01  8.7337E+01  8.7337E+01
5.0172  0.0  1.9779E-01  6.0680E-01  2.1601E+00  7.7092E+00  1.5253E+01  4.8226E+01  8.7337E+01  8.7337E+01  8.7337E+01
6.0318  0.0  2.1982E-01  6.7363E-01  2.4056E+00  8.8085E+00  1.8247E+01  7.0168E+01  8.7337E+01  8.7337E+01  8.7337E+01
7.2515  0.0  2.4498E-01  7.5783E-01  2.7346E+00  1.0418E+01  2.3189E+01  8.7337E+01  8.7337E+01  8.7337E+01  8.7337E+01
8.7178  0.0  2.8358E-01  8.7184E-01  3.1947E+00  1.3000E+01  3.1735E+01  8.7337E+01  8.7337E+01  8.7337E+01  8.7337E+01
10.4807  0.0  3.4018E-01  1.0560E+00  3.9376E+00  1.7508E+01  4.6511E+01  8.7337E+01  8.7337E+01  8.7337E+01  8.7337E+01
12.6000  0.0  4.2699E-01  1.3389E+00  5.1991E+00  2.5392E+01  7.1202E+01  8.7337E+01  8.7337E+01  8.7337E+01  8.7337E+01
15.1479  0.0  6.0037E-01  1.8773E+00  7.4468E+00  3.8811E+01  8.7337E+01  8.7337E+01  8.7337E+01  8.7337E+01  8.7337E+01
18.2110  0.0  8.6936E-01  2.8083E+00  1.1408E+01  6.0558E+01  8.7337E+01  8.7337E+01  8.7337E+01  8.7337E+01  8.7337E+01
21.8935  0.0  1.3797E+00  4.3346E+00  1.7808E+01  8.7337E+01  8.7337E+01  8.7337E+01  8.7337E+01  8.7337E+01  8.7337E+01
26.3206  0.0  2.1789E+00  6.9282E+00  2.7971E+01  8.7337E+01  8.7337E+01  8.7337E+01  8.7337E+01  8.7337E+01  8.7337E+01
31.6430  0.0  3.3145E+00  1.0524E+01  4.2589E+01  8.7337E+01  8.7337E+01  8.7337E+01  8.7337E+01  8.7337E+01  8.7337E+01
38.0416  0.0  5.0549E+00  1.5871E+01  6.2640E+01  8.7337E+01  8.7337E+01  8.7337E+01  8.7337E+01  8.7337E+01  8.7337E+01
45.7341  0.0  7.1293E+00  2.2656E+01  8.7337E+01  8.7337E+01  8.7337E+01  8.7337E+01  8.7337E+01  8.7337E+01  8.7337E+01
54.9821  0.0  9.9177E+00  3.0830E+01  8.7337E+01  8.7337E+01  8.7337E+01  8.7337E+01  8.7337E+01  8.7337E+01  8.7337E+01
66.1001  0.0  1.2951E+01  4.0346E+01  8.7337E+01  8.7337E+01  8.7337E+01  8.7337E+01  8.7337E+01  8.7337E+01  8.7337E+01
79.4664  0.0  1.6040E+01  4.9687E+01  8.7337E+01  8.7337E+01  8.7337E+01  8.7337E+01  8.7337E+01  8.7337E+01  8.7337E+01
95.5354  0.0  1.9128E+01  5.8970E+01  8.7337E+01  8.7337E+01  8.7337E+01  8.7337E+01  8.7337E+01  8.7337E+01  8.7337E+01
114.8539  0.0  2.1496E+01  6.6880E+01  8.7337E+01  8.7337E+01  8.7337E+01  8.7337E+01  8.7337E+01  8.7337E+01  8.7337E+01
138.0788  0.0  2.3799E+01  7.4855E+01  8.7337E+01  8.7337E+01  8.7337E+01  8.7337E+01  8.7337E+01  8.7337E+01  8.7337E+01
166.0000  0.0  2.6102E+01  8.2831E+01  8.7337E+01  8.7337E+01  8.7337E+01  8.7337E+01  8.7337E+01  8.7337E+01  8.7337E+01
