0.0200  0.0000E+00  3.6839E-09  1.4735E-08  5.4248E-07  3.4982E-05  3.5911E-04  7.4234E-03  3.5385E-02  8.9343E-02  2.2387E-01
0.0240  0.0000E+00  1.0661E-06  4.1164E-06  2.6793E-05  3.5367E-04  1.7824E-03  1.9767E-02  7.3652E-02  1.6261E-01  3.6289E-01
0.0289  0.0000E+00  9.3515E-06  3.2118E-05  1.6223E-04  1.3657E-03  5.2797E-03  4.1967E-02  1.3298E-01  2.6932E-01  5.5528E-01
0.0348  0.0000E+00  3.5390E-05  1.1794E-04  5.4257E-04  3.7442E-03  1.2423E-02  7.8265E-02  2.2146E-01  4.2229E-01  8.2061E-01
0.0418  0.0000E+00  9.7696E-05  3.1956E-04  1.4008E-03  8.4565E-03  2.5168E-02  1.3434E-01  3.5079E-01  6.3888E-01  1.1826E+00
0.0502  0.0000E+00  2.1489E-04  6.9016E-04  2.9276E-03  1.6194E-02  4.4903E-02  2.1477E-01  5.2992E-01  9.3239E-01  1.6591E+00
0.0604  0.0000E+00  4.2324E-04  1.3512E-03  5.5731E-03  2.8918E-02  7.6099E-02  3.3489E-01  7.8839E-01  1.3442E+00  2.3089E+00
0.0726  0.0000E+00  7.4414E-04  2.3775E-03  9.6462E-03  4.7967E-02  1.2187E-01  5.0434E-01  1.1415E+00  1.8931E+00  3.1525E+00
0.0873  0.0000E+00  1.2445E-03  3.9669E-03  1.5909E-02  7.6675E-02  1.8967E-01  7.4470E-01  1.6252E+00  2.6272E+00  4.2452E+00
0.1049  0.0000E+00  2.0388E-03  6.4464E-03  2.5598E-02  1.2032E-01  2.9054E-01  1.0850E+00  2.2825E+00  3.5971E+00  5.6332E+00
0.1261  0.0000E+00  3.2161E-03  1.0139E-02  3.9895E-02  1.8352E-01  4.3329E-01  1.5418E+00  3.1335E+00  4.8171E+00  7.3154E+00
0.1516  0.0000E+00  5.0649E-03  1.5938E-02  6.2250E-02  2.7893E-01  6.4248E-01  2.1691E+00  4.2455E+00  6.3494E+00  9.3351E+00
0.1823  0.0000E+00  7.7916E-03  2.4413E-02  9.4519E-02  4.1252E-01  9.2604E-01  2.9681E+00  5.5981E+00  8.1555E+00  1.1620E+01
0.2192  0.0000E+00  1.1760E-02  3.6696E-02  1.4055E-01  5.9626E-01  1.3031E+00  3.9622E+00  7.2015E+00  1.0219E+01  1.4135E+01
0.2635  0.0000E+00  1.7236E-02  5.3783E-02  2.0381E-01  8.3907E-01  1.7844E+00  5.1460E+00  9.0190E+00  1.2477E+01  1.6801E+01
0.3168  0.0000E+00  2.4324E-02  7.5910E-02  2.8488E-01  1.1393E+00  2.3615E+00  6.4802E+00  1.0980E+01  1.4846E+01  1.9546E+01
0.3808  0.0000E+00  3.3638E-02  1.0432E-01  3.8711E-01  1.5030E+00  3.0357E+00  7.9356E+00  1.3015E+01  1.7246E+01  2.2333E+01
0.4578  0.0000E+00  4.4605E-02  1.3784E-01  5.0612E-01  1.9126E+00  3.7720E+00  9.4323E+00  1.5043E+01  1.9623E+01  2.5194E+01
0.5504  0.0000E+00  5.7049E-02  1.7591E-01  6.3980E-01  2.3564E+00  4.5453E+00  1.0919E+01  1.7019E+01  2.1980E+01  2.8232E+01
0.6617  0.0000E+00  7.0629E-02  2.1700E-01  7.8243E-01  2.8131E+00  5.3174E+00  1.2342E+01  1.8944E+01  2.4415E+01  3.1630E+01
0.7955  0.0000E+00  8.4751E-02  2.5941E-01  9.2752E-01  3.2638E+00  6.0619E+00  1.3703E+01  2.0895E+01  2.7057E+01  3.5538E+01
0.9564  0.0000E+00  9.8461E-02  3.0107E-01  1.0682E+00  3.6888E+00  6.7551E+00  1.5040E+01  2.3039E+01  3.0174E+01  4.0245E+01
1.1498  0.0000E+00  1.1151E-01  3.4059E-01  1.2009E+00  4.0856E+00  7.4113E+00  1.6453E+01  2.5534E+01  3.3896E+01  4.5754E+01
1.3823  0.0000E+00  1.2377E-01  3.7730E-01  1.3239E+00  4.4604E+00  8.0612E+00  1.8078E+01  2.8566E+01  3.8393E+01  5.2140E+01
1.6618  0.0000E+00  1.3528E-01  4.1183E-01  1.4409E+00  4.8383E+00  8.7680E+00  2.0065E+01  3.2282E+01  4.3716E+01  5.9316E+01
1.9978  0.0000E+00  1.4650E-01  4.4599E-01  1.5594E+00  5.2508E+00  9.5883E+00  2.2478E+01  3.6641E+01  4.9720E+01  6.7059E+01
2.4018  0.0000E+00  1.5869E-01  4.8313E-01  1.6926E+00  5.7486E+00  1.0617E+01  2.5434E+01  4.1668E+01  5.6326E+01  7.5339E+01
2.8875  0.0000E+00  1.7287E-01  5.2634E-01  1.8501E+00  6.3554E+00  1.1866E+01  2.8822E+01  4.7113E+01  6.3264E+01  8.3908E+01
3.4714  0.0000E+00  1.8988E-01  5.7880E-01  2.0427E+00  7.0970E+00  1.3358E+01  3.2572E+01  5.2834E+01  7.0545E+01  8.7337E+01
4.1733  0.0000E+00  2.1025E-01  6.4246E-01  2.2765E+00  7.9741E+00  1.5062E+01  3.6534E+01  5.8812E+01  7.8716E+01  8.7337E+01
5.0172  0.0000E+00  2.3427E-01  7.1686E-01  2.5476E+00  8.9564E+00  1.6904E+01  4.0627E+01  6.5366E+01  8.7337E+01  8.7337E+01
6.0318  0.0000E+00  2.6241E-01  8.0247E-01  2.8532E+00  1.0020E+01  1.8837E+01  4.5081E+01  7.4150E+01  8.7337E+01  8.7337E+01
7.2515  0.0000E+00  2.9255E-01  8.9469E-01  3.1784E+00  1.1125E+01  2.0855E+01  5.0620E+01  8.5580E+01  8.7337E+01  8.7337E+01
8.7178  0.0000E+00  3.2424E-01  9.9167E-01  3.5197E+00  1.2300E+01  2.3152E+01  5.8949E+01  8.7337E+01  8.7337E+01  8.7337E+01
10.4807  0.0000E+00  3.5864E-01  1.0965E+00  3.8948E+00  1.3719E+01  2.6335E+01  7.3300E+01  8.7337E+01  8.7337E+01  8.7337E+01
12.6000  0.0000E+00  3.9938E-01  1.2211E+00  4.3564E+00  1.5709E+01  3.1287E+01  8.7337E+01  8.7337E+01  8.7337E+01  8.7337E+01
15.1479  0.0000E+00  4.5809E-01  1.4067E+00  5.0802E+00  1.9178E+01  4.0245E+01  8.7337E+01  8.7337E+01  8.7337E+01  8.7337E+01
18.2110  0.0000E+00  5.5190E-01  1.7059E+00  6.2732E+00  2.4962E+01  5.4794E+01  8.7337E+01  8.7337E+01  8.7337E+01  8.7337E+01
21.8935  0.0000E+00  7.1311E-01  2.2131E+00  8.2903E+00  3.4423E+01  7.7552E+01  8.7337E+01  8.7337E+01  8.7337E+01  8.7337E+01
26.3206  0.0000E+00  9.7730E-01  3.0431E+00  1.1536E+01  4.8996E+01  8.7337E+01  8.7337E+01  8.7337E+01  8.7337E+01  8.7337E+01
31.6430  0.0000E+00  1.3669E+00  4.3086E+00  1.6220E+01  6.9006E+01  8.7337E+01  8.7337E+01  8.7337E+01  8.7337E+01  8.7337E+01
38.0416  0.0000E+00  1.9166E+00  6.0543E+00  2.2937E+01  8.6316E+01  8.7337E+01  8.7337E+01  8.7337E+01  8.7337E+01  8.7337E+01
45.7341  0.0000E+00  2.6725E+00  8.3239E+00  3.1465E+01  8.7337E+01  8.7337E+01  8.7337E+01  8.7337E+01  8.7337E+01  8.7337E+01
54.9821  0.0000E+00  3.5892E+00  1.1149E+01  4.1805E+01  8.7337E+01  8.7337E+01  8.7337E+01  8.7337E+01  8.7337E+01  8.7337E+01
66.1001  0.0000E+00  4.6588E+00  1.4482E+01  5.3585E+01  8.7337E+01  8.7337E+01  8.7337E+01  8.7337E+01  8.7337E+01  8.7337E+01
79.4664  0.0000E+00  5.8510E+00  1.8120E+01  6.6187E+01  8.7337E+01  8.7337E+01  8.7337E+01  8.7337E+01  8.7337E+01  8.7337E+01
95.5354  0.0000E+00  7.0732E+00  2.1981E+01  7.9008E+01  8.7337E+01  8.7337E+01  8.7337E+01  8.7337E+01  8.7337E+01  8.7337E+01
114.8539  0.0000E+00  8.2954E+00  2.5842E+01  9.1830E+01  8.7337E+01  8.7337E+01  8.7337E+01  8.7337E+01  8.7337E+01  8.7337E+01
138.0788  0.0000E+00  9.5176E+00  2.9703E+01  1.0465E+02  8.7337E+01  8.7337E+01  8.7337E+01  8.7337E+01  8.7337E+01  8.7337E+01
166.0000  0.0000E+00  1.0740E+01  3.3564E+01  1.1747E+02  8.7337E+01  8.7337E+01  8.7337E+01  8.7337E+01  8.7337E+01  8.7337E+01
