0.001 0.0 0.0 0.0 0.0 0.0 0.0 0.0 0.0 0.0 0.0
0.0011220188999999999 0.0 0.0 0.0 0.0 0.0 0.0 0.0 0.0 0.0 0.0
0.0012589265 0.0 0.0 0.0 0.0 0.0 0.0 0.0 0.0 0.0 0.0
0.0014125364 0.0 0.0 0.0 0.0 0.0 0.0 0.0 0.0 0.0 0.0
0.0015848925999999998 0.0 0.0 0.0 0.0 0.0 0.0 0.0 0.0 0.0 0.0
0.0017782793999999997 0.0 0.0 0.0 0.0 0.0 0.0 0.0 0.0 0.0 0.0
0.0019952632 0.0 0.0 0.0 0.0 0.0 0.0 0.0 0.0 0.0 0.0
0.0022387231000000002 0.0 0.0 0.0 0.0 0.0 0.0 0.0 0.0 0.0 1.877312e-06
0.0025118843 0.0 0.0 0.0 0.0 0.0 0.0 0.0 0.0 0.0 1.9480638e-05
0.0028183816 0.0 0.0 0.0 0.0 0.0 0.0 0.0 0.0 6.819062799999999e-08 8.009711400000001e-05
0.0031622775999999996 0.0 0.0 0.0 0.0 0.0 0.0 0.0 0.0 6.302694299999999e-06 0.0002259353
0.0035481354999999997 0.0 0.0 0.0 0.0 0.0 0.0 0.0 1.0852286999999999e-07 3.5718047e-05 0.00051843656
0.0039810752 0.0 0.0 0.0 0.0 0.0 0.0 0.0 5.303879400000001e-06 0.00011508651000000001 0.0010457041
0.0044668320000000004 0.0 0.0 0.0 0.0 0.0 0.0 8.040496e-07 2.8037815000000002e-05 0.00028230746 0.001928762
0.0050118700999999995 0.0 0.0 0.0 0.0 0.0 0.0 8.1047926e-06 8.6880528e-05 0.00059025178 0.0033354059000000004
0.0056234130999999994 0.0 0.0 0.0 0.0 0.0 1.1781512e-08 3.1806005e-05 0.00020725131999999998 0.0011115356 0.005564425400000001
0.0063095762 0.0 0.0 0.0 0.0 0.0 1.3872707e-06 8.561551799999999e-05 0.00042372247000000004 0.0019423169 0.0092827174
0.007079463899999999 0.0 0.0 0.0 0.0 5.0731312e-07 7.660366e-06 0.00018785549 0.00078301811 0.0032291596000000003 0.015906819
0.0079432754 0.0 0.0 0.0 5.6232189e-08 3.4433758000000002e-06 2.3934358e-05 0.00036317045 0.0013466689000000002 0.005273215 0.027712973
0.0089125059 0.0 3.2369810000000004e-08 1.1653464999999999e-07 7.8797843e-07 1.1622643e-05 5.6888271e-05 0.00064419148 0.0022080854 0.0087735582 0.047705095
0.01 0.0 1.6463161e-07 5.525990899999999e-07 2.9285401999999997e-06 2.8342071999999998e-05 0.00011494756000000001 0.0010744978 0.0035551299 0.01503878 0.079378234
0.011220188999999998 0.0 4.660886e-07 1.5209073999999999e-06 7.3182757e-06 5.7798134e-05 0.00020921627 0.0017267807999999999 0.0058171822 0.025989627 0.12636627
0.012589264999999999 0.0 1.0240056e-06 3.292203e-06 1.5054466e-05 0.00010562136999999998 0.00035428561000000003 0.0027559787 0.0097973483 0.044040137 0.19202584
0.014125363 0.0 1.9575565e-06 6.239686000000001e-06 2.7639314e-05 0.00017927496 0.0005717200299999999 0.0044947911 0.016702769 0.071918509 0.27911496
0.015848925 0.0 3.4281081e-06 1.0864524e-05 4.7080108e-05 0.00028935705000000003 0.00090320815 0.007518076899999999 0.028113324 0.1124301 0.38964365
0.017782794999999997 0.0 5.647341e-06 1.7822717e-05 7.6061429e-05 0.00045569617999999994 0.0014424841 0.012658947 0.045899135 0.16820087 0.52484579
0.019952631000000002 0.0 8.9463479e-06 2.8166579999999998e-05 0.00011944708 0.0007236101 0.0023687018 0.020997611 0.072080468 0.24144718 0.68521918
0.022387229999999998 0.0 1.4034826000000001e-05 4.4193593000000004e-05 0.00018842048 0.0011852699 0.0039596406 0.033818365 0.10864988 0.33382473 0.87075379
0.025118843999999998 0.0 2.2571657000000002e-05 7.1282787e-05 0.00030772666 0.0019860984 0.006591279499999999 0.05252252 0.15740523 0.44639841 1.0815407
0.028183816 0.0 3.7583961e-05 0.00011897368000000001 0.0005170668799999999 0.0033194533 0.010730074 0.07851321 0.21984701 0.57975767 1.3185759
0.031622777 0.0 6.3350886e-05 0.00020052933 0.0008686927400000001 0.005420957099999999 0.016916729 0.11308474 0.29712804 0.73438001 1.5840721000000002
0.035481355 0.0 0.00010522571000000002 0.00033243824 0.0014260422 0.008563033000000001 0.02574064 0.15736228 0.39010194 0.91140312 1.8814296999999998
0.039810754 0.0 0.00016950881999999997 0.00053402687 0.0022620176 0.013046303 0.037807791 0.21229655 0.49958935 1.1132633 2.2150812
0.04466832 0.0 0.00026320582999999996 0.00082669288 0.0034564765999999998 0.019188384 0.053713749000000005 0.27873612 0.62699339 1.3437892 2.5902524
0.050118698999999996 0.0 0.00039385737 0.0012334647000000001 0.0050953257 0.02731473 0.074033778 0.35769393 0.77485074 1.6080741000000003 3.0127553
0.056234133 0.0 0.00056958924 0.0017791673999999998 0.0072703909 0.037758718 0.099332504 0.45084005 0.94695838 1.9122016 3.4888981
0.063095762 0.0 0.0007993476299999999 0.0024910978 0.010081521999999999 0.050870482 0.1302308 0.56079234 1.1483169 2.2629332000000004 4.0253773
0.070794641 0.0 0.001093201 0.0033999351000000002 0.013639871999999999 0.067045231 0.16759925 0.69119221 1.3849463 2.6674807 4.6291316
0.07943275 0.0 0.0014628653 0.004541451 0.018075896 0.086810846 0.21276181 0.84664698 1.6635376 3.1333304 5.3069
0.089125055 0.0 0.0019232071 0.005961339699999999 0.023561959 0.11096889 0.26758674 1.0326033000000001 1.9911721999999998 3.6680397000000005 6.0649695
0.09999999999999999 0.0 0.0024959226 0.0077271875 0.030360916 0.1406425 0.33448721 1.2550287 2.3750642 4.2787532 6.9090522
0.11220189 0.0 0.0032120004999999997 0.0099342664 0.038828967 0.17725869 0.41637548 1.5201457 2.8223192999999998 4.9717607 7.8441058
0.12589265 0.0 0.0041106389000000005 0.012702274 0.049407492000000004 0.22253145 0.51654903 1.8341778000000002 3.3394746 5.752368499999999 8.873776300000001
0.14125362 0.0 0.0052391706 0.016175751000000002 0.062628349 0.27842444 0.63854041 2.2030423 3.9319959000000004 6.6247967999999995 9.9995855
0.15848925 0.0 0.0066542243999999995 0.020527594 0.079115525 0.34706314 0.7860055 2.6318641 4.604208799999999 7.591809 11.219951
0.17782794 0.0 0.0084191916 0.025949264 0.099539041 0.43064661 0.96253999 3.1246027 5.35909 8.6537258 12.529231
0.19952630999999998 0.0 0.010601365 0.032644107 0.12460851 0.53139909 1.1714139 3.6840856 6.1979069 9.8072538 13.917673
0.22387229999999997 0.0 0.013272532 0.040828667 0.15506471 0.65139964 1.4152293 4.3117968 7.119441999999999 11.044388 15.371382999999998
0.25118842 0.0 0.016504908000000002 0.05071803 0.19160887 0.7923084 1.6957532 5.0074023 8.1187833 12.352267 16.873054999999997
0.28183815999999995 0.0 0.020362368 0.062499594000000006 0.23481521 0.9552365 2.0139092 5.7680127 9.1864694 13.713560999999999 18.403229999999997
0.31622778 0.0 0.02489293 0.076311765 0.28507626 1.1407742 2.36964 6.587150099999999 10.308537 15.107282999999999 19.941527999999998
0.35481353 0.0 0.030129008 0.092247199 0.34263247 1.3489343999999999 2.7616017999999998 7.4544354 11.467066 16.510685000000002 21.469157
0.3981075 0.0 0.036087275 0.11034942 0.4075366 1.5789452 3.1865697999999996 8.356055 12.641378 17.900664000000003 22.973471
0.44668319 0.0 0.042762157 0.13059366 0.47958592 1.8288961 3.6389968 9.275248699999999 13.809873999999999 19.255504000000002 24.455439000000002
0.50118703 0.0 0.050116792 0.15285758 0.55820172 2.0954386 4.1112433 10.194086 14.951229999999999 20.558454 25.936020000000003
0.56234138 0.0 0.058069511 0.1768814 0.64231267 2.3738845 4.5939765 11.094664999999999 16.045841 21.803881 27.455759000000004
0.63095762 0.0 0.066492795 0.20227064 0.73042812 2.6587098 5.0771809 11.95998 17.079102 23.004514 29.060107000000002
0.70794644 0.0 0.075231459 0.22855528 0.82085844 2.9439676 5.5512331 12.775583000000001 18.046443 24.194893 30.790260999999997
0.7943275 0.0 0.08410918099999999 0.25519698 0.91168995 3.2240147 6.0069684 13.532272 18.958297 25.422164000000002 32.689751
0.89125056 0.0 0.092950798 0.28167779 1.0012318999999998 3.4936552000000005 6.4360751 14.230127 19.84265 26.73103 34.807735
1.0 0.0 0.10160043 0.30752836 1.0878608 3.7477278 6.8319113 14.880947 20.737516 28.163745000000002 37.199578
1.1220188999999998 0.0 0.10988878 0.33223335 1.1697936000000002 3.9818415000000003 7.1913931 15.508398999999999 21.680170999999998 29.766305 39.927038
1.2589264999999998 0.0 0.11764809 0.35529961 1.2455256000000001 4.193740200000001 7.516972900000001 16.141139000000003 22.708005 31.588096999999998 43.056779
1.4125363999999998 0.0 0.12475913 0.37638954 1.3141891 4.3843798 7.8173773 16.807805 23.860765 33.681294 46.667707
1.5848925 0.0 0.13118316 0.3954177 1.3759171000000001 4.5582307 8.1056122 17.538967 25.179057999999998 36.099753 50.875764000000004
1.7782793999999997 0.0 0.13697437 0.41257177 1.4317726 4.7224002 8.395281599999999 18.365745 26.704099 38.902178 55.867169
1.9952631 0.0 0.14227526 0.42831262 1.4837495 4.8844209 8.7004695 19.319112 28.476521999999996 42.168941 61.94313100000001
2.238723 0.0 0.14726831 0.44318919 1.5338228 5.0514248 9.036119300000001 20.429198 30.538252000000004 46.027460999999995 69.57034200000001
2.5118842 0.0 0.15212124 0.45771237 1.5838913000000001 5.2317197 9.4179198 21.724357 32.944907 50.686746 79.439926
2.8183817999999996 0.0 0.15704416 0.47254721 1.6365583000000001 5.434621400000001 9.8620206 23.235595999999997 35.784363 56.480791 92.527541
3.1622777999999996 0.0 0.16230042 0.48848883 1.6945862 5.6693934 10.383067 25.005323999999998 39.199352000000005 63.916664000000004 110.13468
3.5481355 0.0 0.16815137 0.50632297 1.7607485 5.944681200000001 10.994185 27.100083 43.418686 73.729049 133.93231
3.9810752 0.0 0.17486886 0.52686839 1.837852 6.2681065 11.710347 29.627299 48.794499 86.91836500000001 165.9383
4.466832 0.0 0.18271196 0.55088806 1.9283188999999998 6.6476072 12.553039 32.757829 55.840709999999994 104.7871 208.48626000000002
5.0118705 0.0 0.19190981 0.57906786 2.0345552 7.094222 13.556004999999999 36.752875 65.261658 128.94218 264.11706000000004
5.6234135 0.0 0.20273359 0.61224592 2.1597543 7.624749 14.773104 41.98782 77.984724 161.27116 335.42547
6.3095764999999995 0.0 0.21555195 0.65156189 2.3084388 8.2654538 16.288408 48.972013000000004 95.162377 203.87981000000002 424.90005999999994
7.079464 0.0 0.23088359 0.69862815 2.4873266 9.057773 18.226406 58.373220999999994 118.17143 258.95841 534.71594
7.943275 0.0 0.24953344 0.7559827 2.7072051 10.063927 20.761295 71.01298299999999 148.56999 328.65944 666.55979
8.912506 0.0 0.27275123 0.82754925 2.9843672999999997 11.371166 24.12801 87.88059200000001 188.02462 414.94077999999996 821.48203
10.0 0.0 0.30232354 0.91889426 3.3414550000000003 13.097005000000001 28.627528 110.09271000000001 238.23359 519.39214 999.7397900000001
11.220189999999999 0.0 0.34069307 1.0376239 3.8092181000000003 15.394269 34.635274 138.86993999999999 300.79907000000003 643.0880400000001 1200.7139
12.589265 0.0 0.39113764 1.1939127 4.4281924 18.454217 42.600234 175.46749 377.09685 786.4216299999999 1422.7695
14.125363 0.0 0.45784509 1.400694 5.2491289000000005 22.510565 53.038447 221.0883 468.13735999999994 949.0264400000001 1663.3336
15.84896 0.0 0.5461024 1.6743505 6.3361039 27.836378999999997 66.525575 276.80537000000004 574.43671 1129.6801 1918.8858
17.782794 0.0 0.66234022 2.0346159 7.7640961 34.743214 83.670744 343.43051 695.91975 1326.2739 2185.1518
19.952631999999998 0.0 0.81421184 2.5050594 9.6225199 43.573054 105.09208999999998 421.42055999999997 831.7900900000001 1535.8691 2457.2456
22.387231999999997 0.0 1.010584 3.1127116000000004 12.010555 54.683649 131.35625 510.75552999999996 980.511 1754.7626 2729.9212
25.118841999999997 0.0 1.261288 3.887551 15.036615 68.42223100000001 162.91648999999998 610.80185 1139.7791 1978.6934 2997.6807
28.18388 0.0 1.576864 4.861404900000001 18.810984 85.08811999999999 200.05257 720.38243 1306.6669 2203.0218 3254.5643
31.622775999999998 0.0 1.9675897 6.0649687000000005 23.434231 104.89238999999999 242.77542000000003 837.63461 1477.7102 2422.951 3494.5337
35.481352 0.0 2.4426449 7.5253099 28.988390000000003 127.91011 290.8045 960.2695199999999 1649.1127 2633.1524 3711.9587
39.810752 0.0 3.0087148 9.2613557 35.51814 154.04258000000002 343.50023999999996 1085.508 1816.9335 2827.7438 3901.8422
44.66832 0.0 3.6684285000000005 11.279364999999999 43.018729 183.00486999999998 399.90772000000004 1210.3941 1976.4225 3001.1548 4060.0285
50.118812 0.0 4.420045099999999 13.572525 51.437678000000005 214.30475 458.80181 1331.659 2122.1818 3148.5988 4183.3697
56.234131999999995 0.0 5.2554181 16.113391 60.642401 247.29225 518.7323299999999 1444.8337 2249.1906 3266.3094 4269.7738
63.095763999999996 0.0 6.161386599999999 18.86159 70.47226500000001 281.1606 578.17173 1545.2946 2353.3416 3351.7423 4318.2953
70.79464 0.0 7.119184599999999 21.7571 80.681023 315.04107 634.76522 1629.0283 2431.659 3403.5751 4329.0715
79.432752 0.0 8.10573 24.731048 91.028705 347.62512999999996 685.34848 1693.059 2482.4472 3421.7169 4303.3046
89.125256 0.0 9.0964452 27.707008000000002 101.16225 376.61359 727.00252 1735.5557 2505.232 3407.1852 4243.1142
100.0 0.0 10.017434 30.438702000000003 110.06833 399.8987 757.65261 1755.9943 2500.8041 3362.1088 4151.5571
